2
95
10
11
8 24 29 31 37 42 50 54 90 92 95
27
4 7 11 15 21 22 23 31 34 37 39 41 42 51 54 58 59 62 63 64 74 81 86 87 88 89 95
3
185
3 1
15
2 8 16 17 28 31 38 41 75 86 91 128 151 153 171
26
1 2 11 16 31 33 47 50 51 55 56 61 66 67 82 93 94 95 108 112 114 142 145 161 171 183
4
184
2 2 2
9
43 50 61 78 81 154 163 164 184
39
5 8 12 19 22 35 41 44 50 59 64 65 67 70 72 73 95 103 110 111 115 120 121 128 139 144 145 155 157 159 162 164 169 171 172 173 174 180 183
45
48
1 1 1 1 1 1 1 1 1 1 1 1 1 1 1 1 1 1 1 2 1 1 1 1 1 1 1 1 2 1 1 1 1 1 1 2 2 1 1 1 1 1 1 2
21
0 1 3 6 10 13 16 17 19 21 22 27 28 30 32 33 38 40 41 42 47
48
0 1 2 3 4 5 6 7 8 9 10 11 12 13 14 15 16 17 18 19 20 21 22 23 24 25 26 27 28 30 31 32 33 34 35 36 37 38 39 40 41 42 43 44 45 46 48 49
30
77
2 2 2 1 2 2 1 2 1 1 1 1 2 2 1 1 3 1 2 2 1 2 2 1 1 2 2 1 2
46
0 1 2 3 6 7 9 10 11 13 14 15 16 17 18 22 24 25 27 28 31 34 37 38 40 44 45 46 47 49 51 53 54 55 57 58 62 63 64 65 68 72 74 75 76 78
45
1 2 4 6 7 8 10 11 13 14 15 17 22 25 26 27 28 30 31 32 34 35 36 37 40 41 43 45 48 50 53 55 61 62 63 64 65 66 68 69 72 73 75 76 77
50
66
1 1 1 1 1 1 2 1 1 3 1 1 1 2 1 1 2 1 1 1 1 1 2 1 1 1 1 1 2 1 2 1 2 2 2 1 1 1 1 1 1 1 1 2 1 1 1 1 1
27
0 3 5 7 9 11 14 16 17 19 21 23 24 25 29 36 40 42 43 49 50 52 53 54 60 61 63
42
0 2 3 6 7 9 12 13 21 24 25 26 27 28 29 30 31 33 34 35 36 37 38 39 40 41 42 43 46 47 52 54 55 56 57 59 61 62 64 65 66 67
29
102
1 4 4 3 1 1 1 1 1 2 2 4 1 1 1 2 2 1 2 2 1 1 1 1 2 1 1 2
43
0 1 4 5 6 8 9 10 13 15 16 17 18 19 26 29 31 34 35 36 47 48 50 55 56 59 61 65 70 71 79 81 82 87 88 89 92 93 94 95 96 98 100
24
8 10 13 15 16 17 22 24 28 38 42 49 50 60 61 66 67 68 74 78 85 92 102 103
8
191
1 4 2 3 2 1 2
15
7 15 16 32 36 48 67 111 125 126 141 142 146 158 187
47
2 3 8 13 19 21 26 28 29 36 41 46 52 75 76 78 83 90 91 92 93 95 96 101 103 109 110 111 112 119 126 128 131 147 148 150 156 157 159 164 170 172 173 181 186 188 189
16
99
1 1 1 4 1 2 2 2 1 1 1 1 2 4 2
44
0 7 8 9 13 14 15 16 18 21 22 23 24 27 28 32 35 36 39 43 44 45 49 52 53 54 55 58 59 60 61 62 63 69 70 71 73 76 77 78 82 90 96 98
20
3 6 12 17 18 25 28 32 50 64 70 73 77 85 89 90 91 93 94 100
44
69
2 1 1 1 1 1 1 1 1 1 1 1 1 1 1 1 2 3 3 1 2 1 1 1 1 1 1 1 1 1 1 1 1 1 1 2 2 1 1 1 1 1 2
28
0 1 2 3 4 11 12 22 23 25 26 29 34 36 37 39 45 46 48 50 52 53 56 58 60 64 66 68
48
0 2 3 4 6 7 8 9 10 11 12 14 15 17 18 19 20 23 24 25 26 29 31 33 34 37 38 40 41 43 45 46 47 48 49 53 54 55 56 59 60 62 63 64 67 68 69 70
49
89
1 1 1 3 1 2 1 1 2 1 2 2 1 1 1 2 2 1 1 1 1 2 1 1 1 1 1 1 1 1 2 1 2 1 1 2 1 1 2 1 1 1 1 1 2 1 1 1
12
2 4 8 12 26 34 46 56 63 66 79 87
27
0 3 5 8 13 20 21 25 31 33 34 35 37 39 40 50 59 62 63 68 69 78 81 86 87 88 89
25
149
1 1 1 1 1 2 1 2 1 1 1 1 1 1 1 2 1 1 2 1 1 1 1 1
1
107
43
7 8 20 21 22 24 26 27 30 32 36 39 42 45 46 51 55 56 65 68 70 77 79 90 100 102 106 107 110 111 118 119 123 124 136 138 139 140 141 142 143 145 150
43
96
3 1 1 1 1 1 1 1 1 1 1 1 1 1 1 1 2 2 1 2 1 1 2 1 2 1 1 2 1 3 1 1 1 1 1 1 1 1 2 1 1 1
45
0 4 8 10 12 13 14 20 22 23 24 25 27 28 30 37 38 40 43 46 49 55 57 60 61 64 67 68 70 72 73 75 76 77 81 82 84 88 90 91 93 94 95 96 97
37
2 3 5 7 8 9 13 15 16 17 18 20 21 22 23 28 29 32 37 40 44 45 46 51 54 59 60 63 71 75 81 83 84 87 88 90 96
32
97
1 1 1 1 2 1 2 1 1 1 1 1 1 1 1 1 3 1 2 1 1 1 2 1 1 1 1 1 1 1 1
2
14 89
27
0 23 27 33 34 38 40 45 46 48 53 54 55 60 63 65 68 69 70 73 80 82 83 85 88 93 98
23
130
2 1 2 2 1 2 3 1 2 2 3 1 1 4 1 1 1 1 2 3 1 1
25
0 1 12 16 26 28 35 42 46 54 67 71 72 74 75 77 80 85 88 94 96 101 102 110 123
37
1 3 7 15 16 21 23 26 37 39 42 46 52 53 55 58 68 73 76 77 79 80 88 90 91 96 102 106 107 112 114 119 120 123 124 127 128
21
125
1 2 2 3 1 2 2 1 1 1 3 1 3 1 1 3 1 1 1 3
26
3 15 16 17 22 28 33 35 38 41 46 47 48 60 65 76 77 82 84 86 94 97 101 104 113 114
3
3 79 104
19
182
1 2 1 1 1 1 4 1 1 1 1 1 1 4 2 1 3 3
10
24 54 69 84 137 163 170 172 179 182
17
14 17 29 45 47 52 98 109 115 118 121 123 130 134 146 174 181
27
165
1 1 1 1 2 1 2 2 1 2 4 1 2 5 1 2 1 1 1 2 2 2 1 2 2 1
22
5 21 23 24 27 32 34 45 48 55 60 63 72 88 90 108 110 111 126 150 161 162
15
7 13 19 47 51 65 68 75 85 86 105 108 115 152 165
35
126
2 2 2 1 2 1 1 2 2 3 3 1 3 1 2 1 3 1 2 1 2 1 1 1 1 1 2 1 1 2 1 1 1 1
15
2 17 23 31 32 48 56 58 79 87 94 118 119 123 127
39
1 6 12 16 23 26 29 31 35 38 44 45 47 48 53 54 57 61 64 68 69 70 73 74 77 84 88 89 91 93 94 95 97 105 114 119 121 122 125
46
167
1 1 1 1 1 1 1 1 1 1 2 1 1 1 1 1 2 1 1 1 1 2 1 1 1 2 1 1 1 1 1 1 1 1 1 1 1 1 1 2 1 2 1 1 1
22
10 13 22 24 31 38 50 53 65 80 83 86 88 89 96 97 102 104 128 153 157 166
12
14 27 43 61 67 79 114 123 126 133 137 141
22
161
1 2 1 3 3 1 2 2 2 3 1 2 3 2 1 1 3 1 2 1 1
9
16 17 20 21 46 57 73 74 111
3
5 16 147
42
159
1 1 1 1 2 1 1 1 1 1 1 1 1 1 1 1 1 1 1 1 1 1 1 1 1 1 2 1 1 1 3 1 1 1 1 1 1 1 1 1 2
22
6 7 17 26 34 51 63 80 94 97 100 115 117 118 121 123 128 134 139 140 142 144
31
3 5 9 11 14 16 23 29 30 31 36 41 43 45 54 69 73 92 93 101 102 103 109 113 128 132 141 145 152 154 158
43
183
1 1 1 1 1 2 1 2 1 1 1 1 1 1 2 3 2 1 1 2 1 1 1 1 1 1 2 1 1 1 1 2 1 1 1 3 1 2 1 1 1 2
10
15 19 27 48 57 82 92 119 156 166
25
2 4 5 26 45 47 49 51 70 79 80 81 88 90 94 96 111 136 138 139 143 167 173 178 180
9
80
2 2 1 4 1 2 3 3
20
4 6 17 18 20 32 39 40 42 45 46 51 52 59 62 66 70 73 75 78
14
2 8 14 18 20 28 32 39 41 43 48 64 65 67
18
82
2 2 1 2 2 2 1 1 1 3 2 2 1 2 1 3 2
40
2 3 4 5 6 9 10 12 13 14 15 17 18 19 21 23 25 29 30 32 34 35 36 38 42 46 48 50 51 52 54 57 59 60 63 70 73 74 81 82
48
0 7 8 9 10 12 13 15 17 20 24 26 27 28 34 35 37 38 39 40 41 42 44 45 46 47 48 49 50 51 53 54 55 56 57 59 60 61 63 65 66 68 71 72 73 74 79 81
31
104
1 1 2 1 1 3 2 1 1 1 1 2 1 1 2 2 2 4 1 1 1 1 2 2 1 2 3 1 3 1
10
7 12 18 25 27 29 46 56 72 103
45
2 3 4 5 15 16 18 19 22 24 26 29 30 32 33 35 36 37 38 41 42 44 48 49 50 51 53 56 57 58 64 67 72 73 74 75 78 83 89 92 93 94 97 102 104
50
97
1 1 1 1 1 1 2 1 1 1 1 1 2 1 1 1 2 1 1 1 1 1 1 1 2 2 3 1 1 1 1 1 1 1 1 2 1 1 1 1 1 1 1 1 1 2 1 1 1
19
4 5 20 23 24 32 33 34 36 39 53 62 63 67 68 70 77 82 83
26
0 10 12 19 21 25 48 53 54 57 65 66 68 72 75 76 77 78 79 80 82 86 89 91 95 97
47
57
1 1 1 1 1 1 1 1 1 1 2 2 1 1 2 2 2 1 1 1 1 1 1 1 2 2 1 2 1 1 2 1 1 1 1 1 1 2 1 1 1 1 2 1 1 1
44
0 1 2 3 4 5 6 7 9 10 11 12 13 15 16 18 20 21 22 25 27 29 30 31 33 34 35 36 37 38 40 42 43 44 45 47 50 51 53 54 55 56 57 58
31
0 1 3 4 9 10 12 16 17 19 20 21 23 24 27 34 37 38 39 40 41 43 44 45 46 49 50 51 52 55 57
19
198
1 1 1 1 1 1 1 2 1 4 2 1 1 1 1 1 2 1
47
0 3 8 11 19 27 28 29 32 35 36 38 40 42 47 50 58 59 62 63 65 71 75 83 84 93 100 102 103 104 106 111 119 121 126 130 140 145 153 155 156 176 182 184 187 191 198
5
4 6 108 123 191
13
99
1 3 2 1 4 2 1 1 1 2 2 2
7
10 15 17 28 86 87 91
8
12 29 43 51 52 53 54 58
46
110
1 1 2 1 1 1 1 1 1 1 1 1 1 1 1 1 1 1 1 2 1 1 1 1 1 1 1 1 1 1 1 1 1 1 2 1 1 1 1 1 1 1 1 1 1
47
0 1 7 8 12 13 16 18 23 24 26 29 30 34 35 40 43 44 47 49 51 52 54 55 60 64 66 67 68 69 71 72 74 75 81 83 88 93 94 97 98 99 101 102 106 108 109
11
24 25 67 71 73 80 94 95 105 106 107
7
198
1 3 2 2 1 1
24
1 6 18 19 27 32 45 46 48 52 71 72 76 78 88 95 103 117 127 128 132 140 175 198
28
0 13 22 28 37 52 73 74 85 86 92 93 94 101 109 120 126 134 138 149 150 153 167 177 180 188 194 197
40
169
1 1 1 1 1 2 1 2 1 1 2 1 1 1 1 1 1 1 3 2 1 1 1 1 2 2 1 1 1 2 1 1 1 1 1 1 1 1 1
18
0 12 17 34 53 63 71 91 98 102 112 129 132 136 138 141 150 165
42
3 7 8 10 12 15 17 18 19 23 25 32 45 47 52 54 70 81 84 85 92 94 96 99 107 109 110 115 120 121 128 129 131 133 136 142 143 146 160 161 163 165
30
149
1 4 2 1 1 1 1 2 1 1 1 1 1 1 2 1 2 2 1 1 1 2 2 1 3 1 2 1 1
45
2 6 8 17 19 20 23 25 29 30 35 36 37 40 49 59 63 66 67 69 70 73 74 82 94 99 107 108 109 110 112 113 114 119 120 122 123 124 127 134 136 138 141 143 150
11
0 3 21 27 50 52 63 76 82 100 147
37
186
1 2 1 1 1 1 1 1 1 1 1 2 1 1 2 2 1 1 1 1 2 1 1 1 1 1 1 1 1 1 1 1 1 1 1 1
37
0 2 13 23 26 28 29 31 34 39 42 46 52 61 65 68 70 76 81 82 83 86 88 99 102 106 109 110 132 136 146 151 156 158 162 172 179
2
60 144
36
170
1 2 2 1 2 1 2 1 1 1 2 1 1 1 1 1 2 1 2 1 1 1 1 1 1 1 1 1 1 1 1 1 1 1 1
10
24 45 49 56 58 134 151 162 163 171
50
0 1 3 4 8 12 15 19 21 22 23 27 29 32 36 38 44 45 49 51 57 61 66 68 69 76 84 85 87 94 97 114 116 121 123 125 126 127 128 130 134 135 137 138 150 157 159 160 161 168
8
44
1 2 2 2 1 2 1
38
1 3 4 5 7 8 9 10 11 12 13 14 16 17 18 19 22 23 24 25 26 27 28 29 30 31 32 33 35 36 37 38 39 40 41 42 43 44
12
8 16 19 22 25 26 29 38 41 42 43 44
42
87
2 1 1 1 2 2 1 1 1 1 1 2 2 1 1 1 1 1 1 1 1 1 1 1 2 1 1 1 1 1 1 1 2 2 1 1 1 2 2 1 1
20
2 5 8 16 25 29 30 32 36 37 38 40 41 44 49 54 74 79 87 88
44
1 3 4 5 6 7 8 9 11 15 16 18 19 23 32 34 35 38 39 40 41 43 45 46 52 54 57 58 59 61 62 63 64 65 69 72 75 77 78 81 82 83 85 88
19
115
1 1 1 1 1 4 2 1 1 1 1 2 1 1 2 1 1 2
31
6 7 9 18 23 24 40 43 44 45 46 48 49 51 57 61 62 64 69 71 72 73 78 82 96 99 102 104 107 113 116
6
21 29 50 62 85 108
8
29
5 5 4 2 2 2 3
17
0 2 6 7 9 10 14 17 18 19 21 22 24 26 27 28 30
21
0 2 5 7 9 10 11 12 13 14 15 16 18 19 20 21 23 24 25 26 30
41
144
2 2 1 1 1 2 1 1 3 1 2 1 1 1 2 2 1 1 1 3 2 1 1 1 1 4 1 1 1 1 2 1 1 1 1 1 1 1 2 1
44
0 1 4 7 8 12 16 17 32 33 34 37 50 54 55 61 63 66 67 70 71 73 76 83 85 90 92 93 98 105 109 110 115 116 118 119 122 124 126 129 134 135 137 140
24
3 4 9 17 20 26 28 29 38 41 42 47 48 54 55 70 76 78 79 81 82 97 130 144
48
198
1 1 2 2 2 1 1 1 2 1 2 1 2 1 2 1 2 1 1 1 1 1 1 1 1 2 1 1 2 1 1 2 2 1 1 1 1 2 2 1 1 1 1 1 1 1 1
28
1 4 10 21 36 44 51 64 71 73 81 87 89 90 94 96 101 107 112 130 146 154 155 169 175 186 194 195
35
1 3 10 11 21 22 32 34 39 41 43 68 71 74 77 85 92 93 107 108 116 123 124 127 133 146 147 158 164 168 176 177 178 190 193
48
48
1 2 1 1 1 1 1 1 1 2 1 1 1 1 1 1 1 1 1 1 1 1 1 2 1 1 1 1 1 1 1 1 1 1 3 1 1 1 1 1 2 2 1 1 1 1 2
3
16 43 48
5
3 27 31 42 44
22
131
1 2 1 1 1 1 1 1 2 1 1 1 1 1 1 1 1 1 1 3 1
37
2 8 10 20 23 25 26 27 34 35 38 41 46 47 49 53 60 61 69 71 81 88 90 93 96 97 100 102 104 106 111 114 115 118 119 126 132
26
3 13 25 41 47 48 49 51 53 69 74 75 77 78 88 90 94 98 107 113 114 117 121 125 127 128
45
87
1 2 1 2 1 1 1 2 1 1 1 3 1 1 2 2 2 1 1 1 1 1 1 1 2 2 1 2 1 1 1 2 2 2 1 2 2 2 1 1 1 1 1 1
31
0 2 8 9 14 16 18 21 22 27 29 35 42 45 48 52 53 54 55 58 59 60 61 64 65 66 68 70 75 78 85
34
2 5 10 11 16 17 19 20 21 28 30 31 32 35 41 42 47 48 55 56 59 62 63 68 69 72 73 78 80 81 83 84 86 87
10
127
1 2 1 1 1 1 2 1 1
49
1 4 6 7 8 10 12 14 20 24 25 26 30 34 36 37 40 42 45 46 48 49 55 57 58 64 66 67 70 71 72 75 76 82 83 91 99 101 105 107 108 110 112 114 119 120 121 123 126
9
8 9 12 15 24 36 39 83 120
38
180
2 1 1 1 1 1 1 2 2 1 1 1 1 1 1 2 1 2 2 2 1 1 1 1 2 3 1 1 1 3 1 1 1 1 1 1 1
8
13 20 30 39 80 94 128 132
26
9 10 15 16 19 26 30 48 52 66 67 74 75 80 93 99 102 103 124 139 142 151 157 177 179 181
44
136
2 1 1 1 2 1 1 1 1 1 1 1 1 1 1 1 1 1 1 1 1 1 1 1 1 1 1 1 1 1 1 1 1 1 1 1 1 1 1 1 1 2 1
6
7 10 11 77 94 108
12
17 30 37 67 78 94 111 122 128 133 134 137
28
68
3 2 1 1 1 1 1 2 3 2 2 1 2 1 2 1 1 1 1 1 1 3 1 1 3 2 2
30
0 2 7 8 9 10 12 23 26 27 28 30 31 32 34 35 46 49 50 52 54 55 56 58 60 61 62 63 65 69
42
1 2 3 4 5 7 9 10 12 13 14 15 19 20 22 23 24 25 27 32 33 35 36 37 38 39 40 47 48 49 51 52 53 57 58 59 60 61 64 65 68 69
16
130
2 1 1 1 2 1 1 1 2 1 2 1 2 1 2
45
0 2 3 4 12 18 19 22 23 26 30 31 32 36 37 41 43 50 52 55 56 62 63 66 73 75 76 77 82 86 87 88 90 93 95 102 106 108 109 113 115 117 123 125 130
20
5 7 11 15 21 23 34 52 73 78 81 95 103 107 115 116 121 122 123 131
21
166
1 1 3 2 2 1 2 2 3 1 1 2 2 1 2 2 3 3 1 2
20
4 9 22 34 35 51 56 57 60 66 98 102 108 112 118 137 139 148 164 165
46
2 5 7 9 12 15 17 20 25 35 37 39 41 54 56 57 60 61 65 67 68 70 72 73 78 84 87 98 102 105 106 112 114 119 121 127 128 143 150 151 154 155 156 157 162 163
21
159
2 3 3 1 1 2 2 1 2 1 1 3 2 1 3 3 1 1 1 2
7
24 46 72 75 112 141 159
3
18 82 142
45
170
1 1 1 2 1 1 2 2 1 1 1 1 2 1 2 1 1 2 1 2 1 1 4 1 1 3 1 1 2 2 1 1 1 1 1 2 1 1 1 1 2 1 1 2
24
4 11 12 16 22 30 43 59 62 69 78 103 105 108 112 113 115 122 135 153 154 157 165 168
29
1 2 16 31 34 48 51 52 54 55 57 60 67 71 88 89 94 103 111 113 118 124 130 146 149 155 156 167 170
31
188
2 1 2 2 3 1 1 1 2 1 3 2 3 1 1 1 1 2 2 1 2 1 2 1 1 1 1 1 2 1
41
2 11 22 26 32 34 44 45 48 55 58 59 75 78 83 86 89 92 94 97 108 113 114 119 121 124 129 134 139 144 146 153 158 165 167 169 172 175 176 179 180
46
4 7 8 9 11 14 16 26 34 40 42 47 53 54 55 62 67 69 71 72 74 75 79 81 82 83 84 95 112 115 116 119 128 133 134 139 152 153 154 156 171 173 176 178 187 188
14
56
3 1 4 1 3 3 2 2 4 5 2 1 1
4
2 21 38 39
3
2 7 37
28
146
1 1 1 1 2 1 1 4 1 1 1 1 1 1 4 1 2 2 1 2 1 3 2 2 2 2 4
3
86 87 120
48
2 5 6 8 9 12 24 25 31 35 36 37 40 45 48 49 53 54 55 60 63 64 65 66 76 84 86 88 91 93 96 98 102 107 108 109 114 117 119 122 123 124 127 128 131 134 135 137
50
159
1 2 2 1 1 1 1 1 1 4 2 1 1 3 1 2 2 2 1 2 1 1 1 1 1 2 1 1 1 1 1 1 1 1 3 2 1 1 1 1 1 1 1 1 1 1 2 2 2
31
11 24 27 33 35 37 49 53 58 63 64 69 71 79 82 114 119 120 121 124 125 126 127 128 138 139 143 145 147 151 154
35
1 23 29 39 44 45 48 59 60 65 69 70 72 73 75 77 84 86 89 92 95 101 105 107 108 109 118 143 145 147 148 151 153 156 158
16
157
2 4 2 1 1 1 1 2 2 2 1 1 2 2 4
48
5 7 8 9 10 13 16 18 20 23 27 29 32 39 46 47 57 59 60 61 63 71 74 75 81 82 87 88 91 92 93 94 101 115 118 119 122 123 125 126 132 133 134 137 140 144 151 153
37
7 12 16 22 24 26 27 30 38 40 41 43 44 45 50 62 70 79 82 86 90 96 97 99 101 102 109 130 131 132 133 134 137 139 148 151 154
40
57
1 1 1 1 1 1 2 1 1 1 1 1 1 1 1 1 1 1 1 1 1 1 1 1 1 1 1 1 1 1 1 1 1 1 2 2 1 1 1
13
1 5 10 24 26 33 36 38 44 50 51 52 56
37
1 3 5 6 9 10 11 12 13 14 17 18 19 23 24 25 26 27 28 30 32 33 34 35 36 38 39 44 47 48 50 51 53 54 55 56 58
31
72
2 1 1 1 1 1 1 1 1 1 1 1 1 1 1 1 1 1 1 1 2 1 1 1 1 1 1 1 1 1
32
0 6 10 12 13 19 22 24 25 26 28 29 30 32 33 36 37 39 40 42 43 45 46 51 53 56 59 60 63 67 68 71
31
0 3 7 8 10 14 15 18 19 22 25 26 27 29 30 31 33 36 40 41 42 47 50 51 58 61 63 65 66 71 72
35
41
2 1 1 2 2 1 1 2 2 1 1 2 2 2 3 1 1 2 2 2 1 3 2 1 1 1 2 1 2 1 1 1 2 1
17
0 2 7 9 11 13 16 18 21 24 26 31 33 34 39 41 42
2
6 25
10
165
2 3 5 3 3 3 3 3 1
22
2 10 16 29 33 34 77 80 87 96 101 102 109 112 116 121 122 128 136 144 149 154
43
2 3 12 15 19 20 21 23 30 39 43 44 45 50 54 59 70 71 80 83 87 89 91 92 96 100 101 102 104 105 115 119 121 131 133 140 144 147 149 152 154 158 165
29
116
1 2 1 2 1 2 4 1 2 1 1 1 1 1 4 2 2 1 2 1 2 1 1 1 2 2 2 3
26
9 10 13 16 32 35 36 38 41 42 48 57 62 65 75 88 92 94 97 98 101 102 104 107 110 113
6
4 92 95 98 107 111
29
56
1 1 1 1 1 1 1 1 1 1 1 1 1 3 1 1 1 1 1 2 1 1 1 1 1 2 2 2
46
0 1 2 3 5 6 7 8 10 11 12 13 14 15 16 17 18 19 20 22 23 24 25 26 27 29 31 32 33 34 35 36 38 39 41 43 44 46 47 48 49 52 53 54 55 57
14
0 7 9 12 15 18 19 26 36 39 42 46 55 56
7
9
1 1 1 1 1 1
4
0 1 9 10
4
0 3 9 10
45
167
1 2 1 2 2 1 1 1 1 1 2 1 1 1 1 1 1 1 2 1 1 1 1 1 1 2 2 1 2 1 2 1 2 2 1 2 2 1 2 3 2 1 2 1
49
1 2 3 9 10 22 28 29 32 36 40 43 50 51 56 57 61 62 63 67 68 80 81 84 86 87 88 94 95 99 111 112 120 126 129 135 136 139 145 149 150 156 157 159 162 163 166 167 168
13
1 10 13 26 29 45 64 70 80 88 119 159 166
36
163
2 1 4 1 1 2 2 2 1 1 2 1 1 1 1 2 2 1 1 2 1 1 1 1 1 3 1 2 2 1 1 1 2 2 1
5
29 80 125 131 159
26
3 9 16 21 30 37 42 43 47 52 59 62 66 67 79 81 87 90 92 109 110 128 131 133 143 153
10
39
5 2 4 3 6 2 2 3 1
30
0 1 3 4 5 7 8 10 11 12 13 14 15 16 18 19 21 23 24 26 27 28 29 31 32 33 34 35 37 40
9
3 5 6 14 17 19 31 36 38
8
69
4 2 1 4 4 2 2
24
0 1 2 5 12 16 18 19 20 23 27 29 35 36 41 47 48 53 54 55 56 65 67 70
20
4 9 15 16 17 18 19 23 25 27 28 29 36 37 42 53 61 65 67 68
31
184
1 2 1 1 1 1 1 2 1 1 1 1 2 1 2 2 1 1 1 1 1 1 1 1 1 2 1 1 2 1
11
17 19 56 72 97 130 131 134 158 167 169
36
0 1 4 5 11 23 27 30 31 36 45 47 55 69 71 81 86 88 89 101 106 117 120 122 123 127 128 129 141 142 144 145 146 169 171 172
49
103
2 2 4 1 1 1 1 1 1 2 1 1 3 1 1 1 2 1 1 2 1 1 1 1 1 1 1 2 1 1 2 1 1 1 1 2 2 1 1 1 2 1 1 2 1 1 1 1
25
1 3 6 7 11 21 25 27 32 38 41 43 48 58 65 67 69 73 81 83 93 98 100 103 104
44
3 8 9 10 12 16 18 19 23 24 25 27 28 29 30 35 36 37 39 41 45 48 52 55 57 61 62 63 66 68 69 72 74 75 76 78 83 85 88 89 92 97 101 103
12
16
1 2 1 1 1 1 2 2 1 1 1
1
7
2
5 9
32
36
2 1 2 1 1 1 1 2 1 1 1 1 1 2 4 2 1 3 3 1 2 2 1 1 3 2 2 1 1 1 1
25
0 3 4 5 6 10 11 13 14 15 16 17 19 21 22 24 25 28 30 31 32 33 34 36 37
9
4 5 8 13 19 25 28 36 37
38
50
2 1 1 1 1 1 1 1 2 1 1 1 1 1 1 1 2 1 1 1 1 1 1 1 1 1 1 1 1 1 1 1 1 1 1 1 1
23
0 2 3 5 6 8 9 13 14 16 18 20 21 23 25 26 27 35 37 39 47 48 51
24
0 7 10 11 14 17 20 21 22 23 24 26 27 28 29 31 32 37 43 44 47 49 50 51
12
26
2 1 2 1 1 2 2 1 2 2 2
20
1 4 5 6 8 9 10 12 13 14 15 17 18 20 21 22 23 24 25 27
27
0 1 2 3 4 5 6 7 8 9 10 11 12 13 14 15 17 18 19 20 21 22 23 24 25 26 27
21
158
1 1 1 1 1 1 1 1 1 1 1 1 1 1 1 1 1 1 1 1
28
8 17 30 45 50 53 54 56 57 59 60 70 71 75 76 83 85 106 114 121 133 137 142 148 151 152 154 156
30
4 6 12 16 18 24 40 42 43 49 54 55 65 74 76 80 83 86 87 88 89 94 103 109 120 127 131 149 150 154
42
48
1 1 1 1 1 1 1 1 1 1 1 1 1 1 1 1 1 1 1 1 1 1 1 1 1 1 1 1 1 1 1 1 1 1 1 1 1 1 1 1 1
35
0 1 3 5 6 7 8 10 11 12 13 16 17 18 19 22 23 24 25 27 28 30 31 32 33 34 36 37 40 42 43 44 46 47 48
43
0 1 2 3 4 5 6 7 8 9 10 11 12 13 14 15 16 17 18 20 21 22 23 24 25 26 28 30 31 32 33 34 35 36 38 41 42 43 44 46 47 48 49
14
139
1 1 1 1 1 1 1 3 1 1 2 1 1
20
2 6 8 18 36 52 58 64 66 68 74 76 81 91 97 99 106 121 123 128
23
4 15 18 21 23 29 34 36 41 42 47 56 66 76 79 83 98 102 111 119 123 125 130
49
149
1 1 1 1 1 1 2 1 1 1 2 1 1 1 1 3 2 1 1 1 1 1 1 2 1 1 2 1 1 1 1 2 2 1 2 1 2 1 1 1 1 1 1 3 1 1 1 3
41
0 2 3 6 8 14 18 25 32 34 36 37 49 56 58 62 67 69 71 72 74 77 90 95 98 100 102 103 104 105 109 111 112 115 116 121 131 132 136 142 144
41
1 2 3 5 8 12 15 17 20 26 29 31 43 52 58 60 66 70 72 76 79 80 81 98 100 105 106 107 108 109 115 116 118 125 127 128 129 143 145 148 150
40
50
1 1 1 1 1 2 2 2 1 2 1 1 1 1 2 1 2 1 1 2 1 1 1 1 3 2 1 1 1 2 1 2 2 1 1 1 1 1 1
31
0 1 2 4 6 7 9 15 16 17 18 19 20 23 25 26 27 31 32 33 35 36 39 40 41 42 44 46 48 50 51
5
8 15 16 19 21
46
84
1 1 1 1 1 1 1 1 1 2 1 1 1 1 1 1 1 1 1 1 1 1 1 1 1 1 1 2 1 1 1 1 2 2 1 1 1 1 1 1 1 1 1 1 1
6
2 19 20 57 61 68
49
0 1 3 8 9 10 11 12 14 15 19 24 26 27 29 32 33 34 36 37 38 39 40 43 44 45 47 50 52 57 58 59 60 61 63 66 67 68 69 70 73 74 75 76 77 80 81 82 85
45
185
2 1 5 1 1 2 1 1 1 1 1 1 1 1 2 1 2 2 1 2 1 1 1 1 1 3 1 2 3 1 1 1 1 1 1 1 1 2 1 2 1 1 1 1
6
25 110 120 124 131 169
23
1 7 11 14 15 26 28 30 41 44 68 70 72 75 82 88 104 124 154 157 161 167 168
39
114
2 1 1 2 2 1 1 1 1 2 2 1 2 1 2 2 2 3 2 1 1 1 1 1 1 1 1 1 1 2 2 1 1 1 2 2 1 1
25
2 11 14 20 28 36 40 45 55 59 64 67 72 73 77 89 91 99 101 106 107 110 111 112 115
6
14 30 42 53 72 88
7
128
5 2 8 5 1 3
16
10 20 29 31 33 35 38 45 66 77 81 93 115 124 127 129
10
9 10 21 22 37 52 62 102 113 125
35
184
1 2 1 1 2 2 2 1 1 2 2 2 1 1 1 1 2 2 1 2 2 1 2 2 1 1 3 1 2 1 2 1 1 1
13
14 36 46 47 68 87 95 106 134 135 144 170 173
32
0 3 5 21 36 38 39 46 54 58 72 73 85 86 100 102 122 126 127 128 130 134 136 146 154 157 159 171 178 182 184 185
45
155
1 1 1 1 1 1 1 1 1 1 1 1 1 1 1 1 1 1 1 1 1 1 1 1 1 1 1 1 1 1 1 1 1 1 1 1 1 1 1 1 1 1 1 1
12
10 13 16 21 40 75 77 82 84 127 134 145
43
2 6 7 13 15 28 34 45 47 49 51 52 53 55 57 58 61 67 70 71 80 85 91 92 97 98 100 106 107 109 110 114 121 124 127 130 131 143 144 145 146 147 152
47
65
1 1 1 1 1 1 1 1 1 1 2 2 2 1 1 1 1 1 1 1 1 1 3 1 1 1 3 1 1 1 1 3 1 1 1 1 1 1 1 1 2 2 1 1 3 2
34
1 3 5 7 8 9 10 11 12 19 22 25 28 30 31 33 34 37 38 39 40 41 43 44 47 49 52 53 56 57 59 64 65 66
35
0 2 4 5 7 8 10 12 14 15 16 22 24 27 28 30 33 36 37 41 44 46 49 50 52 54 55 56 57 58 60 61 62 63 65
49
171
1 1 1 1 1 1 1 1 1 1 1 1 1 2 1 1 1 1 1 1 1 1 1 1 1 1 1 1 1 1 1 1 1 1 1 1 1 1 1 1 1 1 1 1 1 1 1 1
48
2 3 11 12 14 18 27 31 35 36 37 45 50 62 65 70 72 75 76 78 79 81 83 93 97 104 105 107 108 110 114 116 122 123 128 133 138 142 144 148 152 156 162 164 165 166 171 172
21
0 1 4 5 10 20 23 26 33 49 72 90 91 102 107 108 137 146 157 169 171
18
132
1 2 1 1 1 1 2 2 1 2 1 1 2 1 1 1 1
9
9 14 18 41 49 78 85 101 118
30
3 11 15 25 29 31 38 43 46 61 63 65 68 74 75 80 82 83 84 86 88 90 95 107 109 112 119 122 125 129
49
155
1 1 1 2 1 1 1 1 1 1 1 1 1 1 2 2 1 1 1 1 1 1 1 1 2 1 2 1 2 1 2 1 1 1 1 1 1 2 1 2 1 2 1 1 1 2 1 1
26
0 5 12 14 16 20 21 27 33 35 57 60 65 83 86 89 92 96 98 104 105 122 130 134 142 153
27
0 4 19 22 24 34 48 51 55 84 86 88 90 92 98 102 106 110 123 127 134 138 139 141 142 151 152
41
89
1 1 1 1 1 1 1 1 1 1 1 1 1 1 1 1 1 2 1 1 1 1 1 1 1 1 1 1 1 1 1 1 1 2 1 1 1 1 1 1
16
1 7 8 16 22 26 43 45 58 63 66 67 70 79 80 89
47
0 1 4 5 8 9 11 13 14 16 18 21 24 25 29 31 33 34 36 39 41 46 48 52 53 54 56 58 60 61 62 64 66 67 68 69 70 71 74 77 78 84 85 86 87 88 89
45
135
1 1 1 1 1 1 1 1 1 1 1 1 1 1 1 3 1 1 1 1 1 1 2 1 1 1 1 1 1 1 1 1 1 1 1 1 1 1 2 1 1 1 2 1
25
4 8 12 14 20 22 26 28 29 46 49 70 74 79 80 87 92 93 95 99 100 102 103 117 126
26
2 9 10 14 18 19 22 23 29 34 44 63 78 91 93 97 109 113 116 117 119 120 124 127 129 132
45
193
1 1 1 1 1 1 1 1 1 1 1 1 1 1 1 1 1 1 1 1 1 1 1 1 1 1 1 1 1 1 1 1 1 1 1 1 1 1 1 1 1 1 1 1
50
1 2 3 5 8 12 14 19 23 25 28 38 52 53 54 55 60 61 62 67 69 72 74 78 79 83 86 88 103 109 114 115 130 131 134 141 146 149 150 152 154 159 164 168 169 171 172 176 181 192
44
8 10 16 17 18 20 22 23 25 28 34 41 44 52 53 58 62 72 73 74 82 88 89 90 92 94 98 103 105 106 108 109 112 120 125 126 138 140 155 171 172 177 181 185
12
144
1 1 1 2 1 1 1 1 1 1 1
28
3 10 12 25 32 39 47 52 59 61 62 71 73 74 86 92 95 101 102 108 111 119 125 129 130 133 143 145
46
0 1 4 10 18 19 23 24 27 33 34 38 39 42 46 47 48 51 59 63 68 71 74 79 83 84 86 90 92 93 100 101 106 107 112 114 119 120 121 126 127 128 134 141 143 145
35
56
2 1 3 1 1 1 1 1 2 1 1 2 1 1 1 1 1 1 2 1 2 1 1 1 1 1 1 1 1 1 1 1 1 1
20
6 11 14 15 20 22 23 25 29 30 35 37 39 40 41 51 53 55 56 57
34
0 1 2 5 9 10 13 14 16 18 19 20 22 24 25 26 27 28 29 31 33 35 37 40 41 42 45 46 47 51 52 53 54 55
43
126
1 1 1 2 2 1 1 1 2 1 1 1 1 1 2 1 1 2 1 1 1 2 1 1 2 1 1 1 1 1 1 1 1 1 1 1 1 2 1 1 1 1
26
0 3 8 10 20 30 36 43 55 65 69 70 71 90 92 99 100 105 110 113 114 116 120 122 125 127
2
113 117
33
116
1 1 1 1 1 1 1 1 1 2 1 1 1 1 1 1 1 2 1 1 1 1 1 1 1 1 1 2 1 1 1 1
13
6 19 30 44 53 54 65 75 84 91 99 100 112
45
5 6 11 13 15 16 17 18 20 22 23 25 27 28 30 31 32 35 42 50 52 53 55 56 61 65 66 74 75 76 79 80 82 85 86 90 97 99 101 104 109 112 114 115 116
26
39
1 1 1 1 1 3 1 1 1 1 1 2 3 1 1 1 1 1 1 3 1 2 1 2 1
11
2 5 9 14 25 27 29 33 34 37 39
20
0 1 5 6 7 8 9 10 14 15 16 18 21 24 25 28 30 32 37 40
32
125
1 1 1 1 1 1 1 2 2 1 1 1 1 2 1 2 1 1 1 1 2 1 1 1 1 2 1 1 1 1 1
43
0 3 5 8 10 16 17 19 20 23 27 28 31 36 38 39 47 48 52 53 54 55 56 57 62 66 74 80 81 84 96 97 99 102 103 108 110 112 114 115 116 119 120
25
4 8 21 22 28 29 32 33 40 45 53 57 61 62 65 66 68 71 73 84 88 99 118 120 125
10
21
2 3 2 3 2 1 1 2 4
7
2 8 9 12 14 19 21
9
3 4 7 9 12 14 15 17 20
0

